data/iono/igsg0500.22i
     1.0            IONOSPHERE MAPS     MIX                 IONEX VERSION / TYPE
cmpcmb v1.2          GRL/UWM            27-feb-22 20:18     PGM / RUN BY / DATE 
ionex file containing IGS COMBINED Ionosphere maps          COMMENT             
global ionosphere maps for day 050, 2022                    DESCRIPTION         
IONEX file containing the COMBINED IGS TEC MAPS and DCBs    DESCRIPTION         
      IONEX files of the following IAACs were combined: cod DESCRIPTION         
                                                        esa DESCRIPTION         
                                                        jpl DESCRIPTION         
                                                        upc DESCRIPTION         
Contact address: Andrzej Krankowski                         DESCRIPTION
                 Geodynamics Research Laboratory            DESCRIPTION
                 University of Warmia and Mazury (GRL/UWM)  DESCRIPTION
                 Oczapowski St. 1                           DESCRIPTION
                 10-957-Olsztyn, POLAND                     DESCRIPTION
                 e-mail:  kand@uwm.edu.pl                   DESCRIPTION
                                                            DESCRIPTION         
  2022     2    19     0     0     0                        EPOCH OF FIRST MAP  
  2022     2    20     0     0     0                        EPOCH OF LAST MAP   
  7200                                                      INTERVAL            
    13                                                      # OF MAPS IN FILE   
  COSZ                                                      MAPPING FUNCTION    
     0.0                                                    ELEVATION CUTOFF    
combined TEC calculated as weighted mean of input TEC valuesOBSERVABLES USED    
   347                                                      # OF STATIONS       
    32                                                      # OF SATELLITES     
  6371.0                                                    BASE RADIUS         
     2                                                      MAP DIMENSION       
   450.0 450.0   0.0                                        HGT1 / HGT2 / DHGT  
    87.5 -87.5  -2.5                                        LAT1 / LAT2 / DLAT  
  -180.0 180.0   5.0                                        LON1 / LON2 / DLON  
    -1                                                      EXPONENT            
TEC values in 0.1 tec units;  9999, if no value available   COMMENT             
DCB values in nanoseconds, reference is Sum_of_SatDCBs = 0  COMMENT             
                                                            END OF HEADER       
     1                                                      START OF TEC MAP    
  2022     2    19     0     0     0                        EPOCH OF CURRENT MAP
    87.5-180.0 180.0   5.0 450.0                            LAT/LON1/LON2/DLON/H
   67   68   68   70   70   71   72   72   73   74   74   74   75   75   75   75
   75   74   74   74   73   72   70   69   68   66   65   63   62   60   59   58
   56   55   54   52   51   50   50   50   49   49   48   48   48   48   49   49
   49   49   50   51   52   53   53   54   55   55   56   56   57   57   59   59
   60   61   62   63   64   64   65   66   67
    85.0-180.0 180.0   5.0 450.0                            LAT/LON1/LON2/DLON/H
   71   73   74   76   78   80   82   84   85   87   88   89   90   90   90   90
   90   88   87   85   85   83   81   78   74   71   70   68   66   64   61   59
   56   54   52   50   49   47   45   44   43   41   40   40   40   40   40   41
   42   43   45   46   47   48   50   51   52   53   54   55   56   57   58   59
   60   61   62   63   64   66   68   69   71
    82.5-180.0 180.0   5.0 450.0                            LAT/LON1/LON2/DLON/H
   74   76   79   81   84   87   91   93   97   99  102  104  106  107  108  108
  106  103   98   95   92   90   88   84   84   79   76   72   69   65   62   58
   55   52   50   47   45   42   41   40   39   39   38   38   38   38   39   40
   41   42   44   45   47   48   50   51   53   54   55   56   57   58   59   59
   60   61   62   64   65   67   70   72   74
    80.0-180.0 180.0   5.0 450.0                            LAT/LON1/LON2/DLON/H
   77   80   83   87   92   97  104  106  111  117  118  117  117  115  115  115
  115  116  114  114  110  103   93   92   91   89   84   80   75   71   67   63
   58   56   53   48   47   44   41   39   38   38   38   39   39   41   41   42
   44   46   47   49   50   52   53   55   55   56   57   58   59   59   60   61
   61   62   64   65   67   69   72   74   77
    77.5-180.0 180.0   5.0 450.0                            LAT/LON1/LON2/DLON/H
   84   90   94  101  109  114  122  124  126  125  123  127  127  126  124  123
  122  119  116  112  112  108  103   97   93   90   88   83   78   71   67   66
   65   63   60   56   55   50   47   45   44   43   44   44   44   45   45   47
   48   50   52   54   55   56   58   58   59   59   60   60   60   61   61   62
   64   65   66   69   71   74   77   81   84
    75.0-180.0 180.0   5.0 450.0                            LAT/LON1/LON2/DLON/H
   97  102  109  116  125  132  136  140  140  139  137  131  126  126  126  120
  112  113  106  102  103  101   99   96   93   92   90   86   83   79   74   69
   67   65   64   62   61   58   56   54   52   51   50   49   49   50   51   52
   53   55   56   58   59   60   61   61   62   62   62   61   62   62   63   65
   66   68   71   75   79   82   87   91   97
    72.5-180.0 180.0   5.0 450.0                            LAT/LON1/LON2/DLON/H
  110  115  121  129  136  144  150  153  154  151  144  135  128  121  113  108
  100   91   88   88   89   88   90   89   88   88   87   87   85   82   80   77
   74   73   72   70   69   67   65   63   60   59   57   54   52   52   54   55
   56   57   58   59   60   61   61   61   62   61   61   61   62   63   64   67
   70   73   77   82   86   92   98  104  110
    70.0-180.0 180.0   5.0 450.0                            LAT/LON1/LON2/DLON/H
  121  127  133  139  147  154  161  164  164  161  152  138  126  117  109   97
   85   76   75   74   74   76   79   79   81   81   82   82   81   80   81   80
   80   80   79   79   79   74   70   68   65   61   58   57   55   54   55   56
   56   57   57   57   57   58   58   59   59   59   59   60   61   63   65   69
   74   78   84   90   96  103  109  115  121
    67.5-180.0 180.0   5.0 450.0                            LAT/LON1/LON2/DLON/H
  132  137  142  147  153  161  167  171  172  169  156  142  131  120  107   89
   75   69   64   62   62   66   70   72   74   75   76   78   77   77   77   79
   81   83   83   81   80   76   72   68   64   60   57   56   57   56   57   56
   55   55   54   54   53   53   54   54   54   55   56   58   60   63   67   71
   78   84   91   98  106  113  120  126  132
    65.0-180.0 180.0   5.0 450.0                            LAT/LON1/LON2/DLON/H
  141  145  149  153  158  164  170  174  175  174  167  154  145  131  110   91
   74   67   59   57   57   61   65   66   69   71   72   73   73   73   74   76
   79   80   81   78   77   73   69   65   61   58   56   55   55   56   55   54
   53   52   50   49   48   47   47   48   48   51   53   56   59   64   68   74
   82   89   98  107  115  123  130  136  141
    62.5-180.0 180.0   5.0 450.0                            LAT/LON1/LON2/DLON/H
  149  153  156  158  161  166  170  174  177  179  176  169  160  142  121   98
   82   70   62   57   58   60   62   62   65   67   68   68   70   69   70   72
   72   74   73   71   69   64   59   57   54   53   53   52   52   52   51   50
   48   47   45   43   42   41   41   42   43   47   50   55   59   64   70   78
   85   95  104  114  122  130  138  144  149
    60.0-180.0 180.0   5.0 450.0                            LAT/LON1/LON2/DLON/H
  157  161  163  164  164  167  169  172  176  179  179  178  170  155  138  114
   96   82   72   65   63   63   63   62   62   63   63   65   67   67   67   66
   65   64   63   60   58   54   50   48   48   49   50   50   51   50   48   46
   45   44   42   40   39   38   38   38   40   45   50   55   60   67   73   81
   90  100  110  120  130  138  145  151  157
    57.5-180.0 180.0   5.0 450.0                            LAT/LON1/LON2/DLON/H
  166  170  173  174  173  173  174  173  176  179  181  183  179  170  156  135
  116  101   88   80   73   69   67   65   63   61   60   62   66   65   64   61
   60   59   56   53   50   47   45   46   46   48   50   51   52   51   49   46
   44   43   42   41   39   38   38   38   41   46   52   59   64   71   78   86
   96  106  116  126  135  143  150  158  166
    55.0-180.0 180.0   5.0 450.0                            LAT/LON1/LON2/DLON/H
  173  181  185  189  190  185  182  181  180  182  185  189  186  179  169  154
  139  124  110   97   88   81   75   70   66   63   61   63   67   68   65   64
   62   59   56   52   49   47   47   49   50   52   55   56   56   55   52   49
   47   46   45   45   43   42   41   41   44   50   57   65   72   79   87   94
  104  113  123  133  141  148  156  164  173
    52.5-180.0 180.0   5.0 450.0                            LAT/LON1/LON2/DLON/H
  181  192  199  204  206  199  194  192  189  188  189  192  191  186  178  168
  156  143  129  116  104   94   85   78   72   69   68   69   72   74   73   71
   68   63   59   56   53   52   53   55   57   60   62   62   62   59   56   54
   53   53   52   51   50   48   47   48   51   58   66   74   82   89   97  105
  113  123  132  140  147  153  162  171  181
    50.0-180.0 180.0   5.0 450.0                            LAT/LON1/LON2/DLON/H
  192  204  212  219  222  216  211  207  202  197  196  197  196  191  186  177
  167  157  143  132  121  109   99   90   84   81   79   81   83   84   83   78
   73   68   64   61   59   60   61   64   66   69   70   70   68   66   63   61
   62   62   62   61   59   56   55   56   60   68   77   85   94  101  109  117
  126  135  144  149  155  161  169  179  192
    47.5-180.0 180.0   5.0 450.0                            LAT/LON1/LON2/DLON/H
  201  214  226  236  236  230  230  227  220  213  208  205  203  199  193  184
  175  166  154  143  134  122  113  104   99   95   92   92   93   92   89   82
   77   74   69   67   66   68   70   72   75   77   78   77   75   73   71   70
   71   74   75   73   69   66   64   65   70   78   87   97  106  114  123  132
  140  149  157  161  165  171  179  189  201
    45.0-180.0 180.0   5.0 450.0                            LAT/LON1/LON2/DLON/H
  212  224  235  245  246  241  246  248  241  235  225  216  211  206  199  191
  181  170  159  150  142  133  126  119  114  108  103   99   98   95   89   83
   78   76   73   73   73   76   78   81   83   84   83   82   82   80   79   79
   81   84   86   84   79   75   73   74   80   89   99  110  120  129  138  148
  156  163  170  174  177  181  189  199  212
    42.5-180.0 180.0   5.0 450.0                            LAT/LON1/LON2/DLON/H
  221  232  243  252  254  254  260  265  262  255  242  229  220  213  207  198
  186  174  164  155  148  141  136  132  128  121  112  104   99   93   87   82
   78   78   77   77   79   82   85   86   88   88   88   87   87   86   86   87
   90   93   94   93   88   83   80   82   88   98  110  122  133  144  153  162
  170  177  182  186  190  194  200  209  221
    40.0-180.0 180.0   5.0 450.0                            LAT/LON1/LON2/DLON/H
  228  238  247  255  260  264  273  277  276  268  259  244  233  225  216  205
  192  179  167  159  153  147  144  141  137  130  118  107   98   91   85   81
   80   80   81   82   85   88   90   91   91   91   91   91   91   91   91   93
   96   98   98   96   91   86   85   87   95  107  120  133  146  158  167  175
  182  188  193  197  201  206  212  219  228
    37.5-180.0 180.0   5.0 450.0                            LAT/LON1/LON2/DLON/H
  236  244  249  254  261  269  277  282  285  279  273  259  247  238  228  215
  199  185  172  163  158  154  151  147  141  133  121  108  100   92   87   84
   85   86   87   90   92   94   96   97   96   95   94   94   95   95   95   96
   97   98   97   94   90   87   86   90  100  112  127  142  156  169  179  187
  193  198  201  205  211  216  222  229  236
    35.0-180.0 180.0   5.0 450.0                            LAT/LON1/LON2/DLON/H
  247  252  253  255  262  270  275  282  286  284  281  271  263  253  243  228
  209  192  179  169  162  159  155  151  142  131  121  110  103   96   94   94
   96   99  101  103  105  104  105  105  104  101   98   98   99   99   99   97
   97   95   92   90   87   84   85   91  102  117  133  149  163  176  188  196
  201  205  209  212  221  226  232  241  247
    32.5-180.0 180.0   5.0 450.0                            LAT/LON1/LON2/DLON/H
  261  265  267  264  268  273  274  277  281  282  282  276  271  265  258  243
  221  204  189  178  172  163  156  150  141  131  123  116  112  108  110  114
  118  123  126  126  125  122  119  117  113  109  104  103  103  102  100   97
   94   90   87   84   82   81   82   89  103  120  136  151  164  178  191  200
  206  209  215  221  229  237  245  254  261
    30.0-180.0 180.0   5.0 450.0                            LAT/LON1/LON2/DLON/H
  283  288  291  287  283  281  277  274  273  276  276  274  274  271  266  255
  235  217  202  190  185  169  158  152  142  135  129  128  131  132  137  144
  151  157  159  156  152  142  135  130  124  119  113  110  107  103  100   96
   91   84   81   79   77   76   79   88  103  121  136  150  163  178  191  203
  210  214  221  228  238  249  261  275  283
    27.5-180.0 180.0   5.0 450.0                            LAT/LON1/LON2/DLON/H
  314  323  326  322  312  301  293  280  269  269  267  268  272  271  270  262
  246  228  215  202  195  177  163  157  149  145  145  150  158  167  176  182
  192  195  198  189  181  163  150  143  135  128  120  116  111  105  100   95
   88   81   76   75   73   72   76   86  102  121  136  150  162  177  192  206
  217  223  230  238  251  266  282  298  314
    25.0-180.0 180.0   5.0 450.0                            LAT/LON1/LON2/DLON/H
  355  371  377  370  359  341  322  297  274  265  261  262  266  267  267  261
  251  236  227  215  203  186  174  167  163  166  172  181  196  209  219  224
  234  232  233  218  206  181  163  152  144  135  124  119  116  108  101   93
   85   78   74   72   70   69   73   83  101  121  137  151  164  178  195  210
  225  233  243  253  269  289  309  331  355
    22.5-180.0 180.0   5.0 450.0                            LAT/LON1/LON2/DLON/H
  395  423  434  431  419  403  369  328  292  274  265  260  259  261  261  256
  251  241  236  229  214  200  190  185  189  197  208  221  238  249  255  255
  258  256  260  241  225  197  173  159  150  141  126  121  121  114  104   94
   84   77   73   71   67   66   69   81  100  120  138  154  167  182  199  218
  232  244  258  272  292  317  342  366  395
    20.0-180.0 180.0   5.0 450.0                            LAT/LON1/LON2/DLON/H
  432  469  496  503  492  471  427  375  327  297  279  266  260  259  256  255
  253  247  246  239  225  215  210  213  223  236  248  263  275  280  274  268
  265  263  265  249  231  203  176  162  156  147  131  125  126  120  108   96
   86   79   75   71   67   65   68   80  100  123  142  159  173  189  207  227
  243  259  274  291  316  344  375  403  432
    17.5-180.0 180.0   5.0 450.0                            LAT/LON1/LON2/DLON/H
  463  502  542  560  561  541  497  439  376  332  303  284  270  264  257  259
  259  255  254  245  235  228  232  244  262  276  285  298  302  294  274  261
  257  251  248  238  220  194  171  161  157  149  137  131  128  122  112   99
   90   84   79   74   70   67   70   83  104  130  151  168  184  202  221  241
  259  277  291  310  336  369  403  436  463
    15.0-180.0 180.0   5.0 450.0                            LAT/LON1/LON2/DLON/H
  482  517  561  591  607  598  559  501  431  374  336  310  290  276  265  264
  264  263  261  254  246  243  251  271  294  307  314  319  313  288  257  242
  238  231  222  215  200  180  163  158  154  149  140  134  129  122  112  102
   94   89   84   79   75   72   76   90  112  138  162  182  200  220  238  258
  277  295  312  331  354  386  420  453  482
    12.5-180.0 180.0   5.0 450.0                            LAT/LON1/LON2/DLON/H
  481  512  549  588  620  625  599  548  482  420  375  343  315  295  277  274
  275  273  270  264  259  260  272  294  316  323  321  316  304  268  235  217
  214  209  202  197  185  169  157  154  152  148  140  133  125  119  111  104
   99   95   90   86   82   79   84   99  121  148  172  195  217  238  257  280
  295  312  330  349  370  399  431  458  481
    10.0-180.0 180.0   5.0 450.0                            LAT/LON1/LON2/DLON/H
  469  486  519  560  598  615  602  569  516  455  415  376  344  318  297  290
  290  288  283  278  272  278  293  311  325  323  309  291  276  244  214  195
  190  188  187  184  176  166  157  151  149  144  136  128  121  116  110  105
  102  100   97   92   89   86   92  107  131  157  183  207  231  252  273  296
  312  326  343  360  379  404  431  456  469
     7.5-180.0 180.0   5.0 450.0                            LAT/LON1/LON2/DLON/H
  450  455  479  517  553  578  580  562  525  482  442  408  377  346  323  311
  308  307  302  296  290  294  307  319  322  306  284  259  244  224  201  183
  176  179  181  182  175  169  159  150  144  139  132  125  119  114  109  107
  105  104  102   97   94   92   99  116  140  166  191  215  240  261  282  306
  322  334  349  365  382  403  427  446  450
     5.0-180.0 180.0   5.0 450.0                            LAT/LON1/LON2/DLON/H
  433  431  444  473  506  533  544  538  516  490  462  435  408  378  354  339
  333  330  324  315  306  308  315  319  310  278  253  231  219  212  198  183
  180  186  189  189  183  175  162  151  143  138  131  125  120  115  111  108
  106  106  104  100   96   96  105  123  147  172  196  217  240  262  285  309
  325  337  351  367  383  402  421  434  433
     2.5-180.0 180.0   5.0 450.0                            LAT/LON1/LON2/DLON/H
  428  424  427  447  474  498  512  514  505  491  473  454  431  407  386  372
  362  354  345  335  325  325  322  315  294  258  231  211  207  212  210  199
  202  205  207  205  197  183  167  154  145  138  132  126  121  118  114  110
  108  106  102   98   96   98  107  126  150  173  194  213  234  257  281  304
  322  337  353  369  386  403  419  429  428
