data/iono/igsg0500.22i
     1.0            IONOSPHERE MAPS     MIX                 IONEX VERSION / TYPE
cmpcmb v1.2          GRL/UWM            27-feb-22 20:18     PGM / RUN BY / DATE 
ionex file containing IGS COMBINED Ionosphere maps          COMMENT             
global ionosphere maps for day 050, 2022                    DESCRIPTION         
IONEX file containing the COMBINED IGS TEC MAPS and DCBs    DESCRIPTION         
      IONEX files of the following IAACs were combined: cod DESCRIPTION         
                                                        esa DESCRIPTION         
                                                        jpl DESCRIPTION         
                                                        upc DESCRIPTION         
Contact address: Andrzej Krankowski                         DESCRIPTION
                 Geodynamics Research Laboratory            DESCRIPTION
                 University of Warmia and Mazury (GRL/UWM)  DESCRIPTION
                 Oczapowski St. 1                           DESCRIPTION
                 10-957-Olsztyn, POLAND                     DESCRIPTION
                 e-mail:  kand@uwm.edu.pl                   DESCRIPTION
                                                            DESCRIPTION         
  2022     2    19     0     0     0                        EPOCH OF FIRST MAP  
  2022     2    20     0     0     0                        EPOCH OF LAST MAP   
  7200                                                      INTERVAL            
    13                                                      # OF MAPS IN FILE   
  COSZ                                                      MAPPING FUNCTION    
     0.0                                                    ELEVATION CUTOFF    
combined TEC calculated as weighted mean of input TEC valuesOBSERVABLES USED    
   347                                                      # OF STATIONS       
    32                                                      # OF SATELLITES     
  6371.0                                                    BASE RADIUS         
     2                                                      MAP DIMENSION       
   450.0 450.0   0.0                                        HGT1 / HGT2 / DHGT  
    87.5 -87.5  -2.5                                        LAT1 / LAT2 / DLAT  
  -180.0 180.0   5.0                                        LON1 / LON2 / DLON  
    -1                                                      EXPONENT            
TEC values in 0.1 tec units;  9999, if no value available   COMMENT             
DCB values in nanoseconds, reference is Sum_of_SatDCBs = 0  COMMENT             
                                                            END OF HEADER       
[from data line 3003]
     8                                                      START OF TEC MAP    
  2022     2    19    14     0     0                        EPOCH OF CURRENT MAP
    87.5-180.0 180.0   5.0 450.0                            LAT/LON1/LON2/DLON/H
   67   67   67   66   66   66   66   66   65   65   65   65   65   65   65   65
   65   66   66   66   66   67   67   68   68   68   68   68   69   69   69   69
   69   70   70   70   70   70   70   70   69   69   69   69   70   69   69   69
   69   69   69   69   69   69   69   70   69   69   70   70   70   70   70   70
   70   69   69   69   69   69   68   68   67
    85.0-180.0 180.0   5.0 450.0                            LAT/LON1/LON2/DLON/H
   62   62   61   60   60   60   60   61   60   61   61   61   61   61   62   62
   62   63   62   62   63   64   65   66   67   68   69   69   70   71   71   71
   71   72   72   71   71   71   70   70   70   68   68   68   67   67   67   67
   67   67   67   67   67   67   67   68   68   69   69   70   70   70   70   69
   69   69   69   67   66   65   64   63   62
    82.5-180.0 180.0   5.0 450.0                            LAT/LON1/LON2/DLON/H
   56   56   55   55   55   54   54   54   54   54   54   54   55   55   56   57
   58   59   60   61   61   62   63   64   66   67   68   69   70   71   72   72
   72   72   72   71   71   70   69   69   67   66   65   64   63   62   62   62
   62   62   63   63   64   64   65   66   66   67   68   68   68   68   68   67
   67   65   65   63   61   59   58   57   56
    80.0-180.0 180.0   5.0 450.0                            LAT/LON1/LON2/DLON/H
   52   51   50   49   49   48   47   46   45   44   45   45   46   47   48   49
   50   52   53   55   56   59   61   62   63   64   67   68   70   71   72   72
   73   73   73   73   72   71   69   67   65   62   61   60   59   58   57   57
   57   57   58   59   60   61   62   63   64   65   66   66   66   66   65   65
   64   62   61   58   57   55   54   52   52
    77.5-180.0 180.0   5.0 450.0                            LAT/LON1/LON2/DLON/H
   49   48   46   45   44   42   41   39   39   40   40   39   40   41   42   43
   45   47   49   52   55   59   61   62   67   70   72   74   76   77   77   78
   78   78   78   76   75   73   71   69   66   63   60   58   57   55   55   54
   54   55   55   57   58   59   60   61   62   63   63   64   64   63   63   62
   61   59   58   56   54   52   51   50   49
    75.0-180.0 180.0   5.0 450.0                            LAT/LON1/LON2/DLON/H
   49   48   46   44   42   41   40   39   38   38   37   37   38   39   41   44
   46   48   52   56   59   61   65   67   72   76   79   81   82   83   85   87
   87   86   86   84   81   79   76   73   69   66   62   60   59   57   57   56
   56   55   56   57   58   59   59   60   60   61   61   61   61   60   60   59
   58   57   56   55   53   52   51   50   49
    72.5-180.0 180.0   5.0 450.0                            LAT/LON1/LON2/DLON/H
   52   51   49   47   44   44   43   42   41   41   40   39   40   42   44   46
   49   52   56   59   64   67   72   77   81   86   89   90   92   94   94   94
   95   96   94   92   90   87   83   80   76   73   69   67   65   64   62   61
   61   60   59   59   59   59   58   58   58   58   57   57   57   57   57   57
   57   56   56   55   54   53   53   52   52
    70.0-180.0 180.0   5.0 450.0                            LAT/LON1/LON2/DLON/H
   57   56   55   53   51   50   49   48   47   47   45   45   46   47   49   51
   53   57   61   66   70   76   81   87   92   96  100  102  104  104  104  105
  104  104  103  101   99   96   93   90   86   83   81   77   76   74   72   70
   69   66   64   63   61   59   58   56   55   54   53   53   53   53   54   55
   55   56   56   57   57   57   56   56   57
    67.5-180.0 180.0   5.0 450.0                            LAT/LON1/LON2/DLON/H
   62   61   61   60   59   58   57   55   54   53   51   51   51   52   54   56
   59   62   67   73   78   85   92   97  103  107  111  113  113  114  114  114
  113  112  112  109  107  104  102   99   97   94   92   89   87   86   84   80
   77   73   69   65   62   59   56   53   51   49   48   47   48   49   50   52
   53   55   56   58   59   60   61   61   62
    65.0-180.0 180.0   5.0 450.0                            LAT/LON1/LON2/DLON/H
   66   67   67   66   65   64   62   60   59   58   56   56   55   55   57   59
   63   68   73   80   87   93  101  107  112  116  119  121  120  121  121  119
  119  119  117  116  115  113  110  108  106  104  103  101  100   97   95   90
   84   78   72   66   61   56   52   48   45   43   42   42   42   44   46   49
   51   54   56   59   61   63   65   66   66
    62.5-180.0 180.0   5.0 450.0                            LAT/LON1/LON2/DLON/H
   69   70   70   70   70   67   65   64   62   60   58   57   56   57   58   61
   66   72   78   86   93  100  107  113  117  121  124  125  124  125  125  125
  124  124  122  122  120  118  116  115  114  113  112  111  109  107  104   97
   90   81   72   65   58   52   47   43   39   38   36   37   38   40   43   46
   49   52   54   57   60   63   65   67   69
    60.0-180.0 180.0   5.0 450.0                            LAT/LON1/LON2/DLON/H
   69   71   72   71   71   69   66   64   63   61   58   55   54   55   58   61
   68   74   82   90   97  104  110  116  120  123  126  128  128  129  129  130
  130  129  128  128  126  123  122  122  121  120  120  119  118  115  111  104
   95   83   73   64   56   49   43   39   36   34   33   34   36   39   42   45
   47   49   50   54   57   60   63   67   69
    57.5-180.0 180.0   5.0 450.0                            LAT/LON1/LON2/DLON/H
   68   70   71   71   71   69   66   63   61   59   55   51   49   51   54   59
   67   76   85   93   99  105  111  116  120  124  127  131  133  135  137  137
  138  136  136  135  132  130  129  129  129  128  128  127  125  122  117  109
   97   86   75   64   57   49   44   40   36   34   34   35   38   41   44   46
   47   47   48   50   52   56   60   64   68
    55.0-180.0 180.0   5.0 450.0                            LAT/LON1/LON2/DLON/H
   66   67   68   68   68   67   65   62   59   56   52   48   45   46   50   58
   67   78   87   94  101  107  112  117  121  126  130  135  139  144  146  147
  148  147  146  144  141  139  138  138  137  137  136  134  131  128  122  113
  102   90   78   70   61   55   50   46   44   41   41   42   45   47   49   50
   48   47   46   47   49   52   57   61   66
    52.5-180.0 180.0   5.0 450.0                            LAT/LON1/LON2/DLON/H
   64   66   65   66   66   66   64   62   60   56   52   47   44   44   49   58
   69   81   91   99  104  109  113  118  124  130  136  142  148  154  157  159
  161  159  158  155  153  151  150  149  147  146  144  141  139  134  127  119
  108   96   86   78   71   66   62   59   56   54   53   54   55   56   56   56
   53   50   48   47   48   50   54   60   64
    50.0-180.0 180.0   5.0 450.0                            LAT/LON1/LON2/DLON/H
   64   65   65   65   66   66   66   65   63   60   55   49   46   45   50   60
   73   87   98  105  109  113  117  123  130  137  144  151  157  165  170  173
  174  172  170  168  166  164  163  161  158  156  153  149  145  140  134  126
  116  105   96   89   84   80   77   74   72   70   68   67   67   66   66   65
   61   58   54   51   50   52   55   60   64
    47.5-180.0 180.0   5.0 450.0                            LAT/LON1/LON2/DLON/H
   67   67   67   67   67   67   68   69   67   65   59   54   50   49   55   66
   80   95  106  113  117  120  124  130  137  145  153  161  168  176  182  186
  188  185  182  180  179  178  177  174  170  166  161  156  151  147  141  134
  125  117  109  102   98   94   91   88   86   84   82   80   79   78   77   75
   72   68   64   61   58   57   60   64   67
    45.0-180.0 180.0   5.0 450.0                            LAT/LON1/LON2/DLON/H
   72   71   71   70   70   70   72   73   73   70   65   60   55   55   61   74
   89  104  117  123  127  129  133  139  147  156  164  171  178  186  193  197
  198  196  193  191  191  192  190  187  182  176  170  164  158  152  147  141
  134  127  119  114  110  106  102   99   96   94   92   91   90   89   88   88
   86   82   78   73   70   67   68   70   72
    42.5-180.0 180.0   5.0 450.0                            LAT/LON1/LON2/DLON/H
   79   77   76   74   73   74   75   77   77   75   71   66   61   61   69   83
   99  116  128  135  139  140  144  151  159  169  176  182  187  194  200  204
  205  205  203  203  204  204  203  199  194  186  178  171  165  158  152  148
  141  135  128  123  118  113  108  104  101   99   97   96   96   97   97   99
   98   96   92   87   83   78   78   79   79
    40.0-180.0 180.0   5.0 450.0                            LAT/LON1/LON2/DLON/H
   85   82   79   77   76   76   78   79   80   79   75   70   66   68   78   92
  109  128  141  148  151  153  157  164  171  181  187  191  196  200  206  210
  213  215  215  215  217  217  216  212  206  199  189  180  172  165  159  154
  147  140  134  128  120  114  109  104  100   98   98   98   98  101  104  107
  108  107  105   98   93   89   87   86   85
    37.5-180.0 180.0   5.0 450.0                            LAT/LON1/LON2/DLON/H
   89   86   83   80   77   77   78   80   81   80   77   73   70   73   84  101
  121  140  154  162  166  168  171  176  183  192  197  199  203  206  213  218
  223  227  230  231  234  234  231  227  221  213  203  192  185  175  167  160
  152  143  136  129  120  113  107  100   96   95   96   96   98  102  107  112
  115  115  113  107  102   97   94   92   89
    35.0-180.0 180.0   5.0 450.0                            LAT/LON1/LON2/DLON/H
   92   88   85   82   78   76   76   78   79   80   78   74   73   78   91  110
  132  152  166  175  178  181  184  189  195  200  204  207  210  214  221  228
  236  242  250  254  257  255  253  246  240  231  220  212  204  191  179  170
  160  149  139  129  119  112  106   99   92   91   93   94   97  101  107  114
  117  119  117  113  106  101   98   96   92
    32.5-180.0 180.0   5.0 450.0                            LAT/LON1/LON2/DLON/H
   93   89   85   82   77   74   73   74   77   78   76   74   74   82   97  120
  142  162  178  187  190  193  197  202  206  208  212  216  219  224  232  242
  254  266  276  287  290  284  279  273  264  255  244  240  231  213  197  187
  175  161  147  135  125  118  112  105   97   94   94   96   98  101  106  112
  117  120  118  115  108  101   98   96   93
    30.0-180.0 180.0   5.0 450.0                            LAT/LON1/LON2/DLON/H
   92   89   86   81   76   72   70   71   73   75   74   72   74   84  104  128
  152  172  188  198  202  205  209  213  215  216  221  227  231  237  249  264
  279  297  313  328  329  324  316  307  294  285  276  272  260  241  228  215
  202  181  163  152  142  136  130  121  112  106  104  104  105  106  109  114
  118  120  118  115  108  102   98   95   92
    27.5-180.0 180.0   5.0 450.0                            LAT/LON1/LON2/DLON/H
   93   90   86   80   74   69   68   69   70   72   71   70   73   86  108  135
  160  181  196  206  213  218  221  220  220  223  232  242  250  259  274  291
  312  336  359  377  381  383  363  347  332  323  315  305  286  274  266  253
  234  210  193  184  175  165  159  149  137  128  123  122  119  116  117  120
  123  123  120  116  110  104   99   96   93
    25.0-180.0 180.0   5.0 450.0                            LAT/LON1/LON2/DLON/H
   95   91   87   80   73   68   67   67   69   70   69   67   72   87  111  140
  164  187  202  213  223  230  231  228  227  235  248  263  276  290  308  326
  350  379  407  430  438  437  413  393  373  367  361  339  318  310  307  291
  267  248  234  226  214  205  198  187  170  156  148  144  139  133  129  130
  129  128  125  119  114  108  103   99   95
    22.5-180.0 180.0   5.0 450.0                            LAT/LON1/LON2/DLON/H
   98   93   89   82   75   69   66   68   69   70   68   66   71   87  112  144
  170  192  207  220  232  239  241  240  240  251  268  290  309  327  347  365
  390  414  453  481  487  477  458  433  407  402  399  374  350  349  347  330
  305  290  278  266  258  249  245  233  213  194  180  173  164  154  147  143
  138  135  132  124  120  115  109  103   98
    20.0-180.0 180.0   5.0 450.0                            LAT/LON1/LON2/DLON/H
  102   97   91   84   77   71   68   68   70   70   67   66   71   87  113  147
  173  195  212  229  242  250  252  253  258  273  293  322  346  366  387  406
  429  453  484  512  510  498  478  451  432  434  429  400  390  387  383  367
  346  334  318  306  298  293  291  276  256  235  218  206  195  182  170  162
  152  144  141  131  127  122  116  109  102
    17.5-180.0 180.0   5.0 450.0                            LAT/LON1/LON2/DLON/H
  107  100   94   86   78   72   68   69   70   70   68   67   73   89  116  147
  175  197  216  235  253  261  265  268  279  299  322  355  382  404  426  441
  461  480  503  518  508  494  478  454  443  450  447  427  425  418  411  399
  383  366  356  342  332  331  326  309  289  268  251  240  226  213  197  183
  168  156  152  140  135  130  123  115  107
    15.0-180.0 180.0   5.0 450.0                            LAT/LON1/LON2/DLON/H
  111  102   96   88   79   72   68   68   70   70   69   69   76   92  118  149
  177  199  218  239  260  272  279  286  302  326  351  381  409  436  457  468
  480  494  504  509  501  489  477  463  452  456  455  449  444  436  431  422
  410  396  384  368  357  354  344  327  309  291  277  266  253  237  219  202
  184  169  163  150  144  138  130  120  111
    12.5-180.0 180.0   5.0 450.0                            LAT/LON1/LON2/DLON/H
  113  103   95   87   79   71   68   68   70   71   70   72   79   96  121  152
  181  204  223  244  266  283  293  306  325  348  374  402  430  456  472  480
  487  495  498  500  497  489  482  474  460  458  461  459  453  445  442  435
  427  415  398  383  371  363  349  333  318  303  292  283  272  255  236  215
  197  178  172  160  154  146  136  125  113
    10.0-180.0 180.0   5.0 450.0                            LAT/LON1/LON2/DLON/H
  113  102   94   85   78   71   67   68   70   72   72   75   84  101  127  157
  187  212  233  255  276  294  307  324  344  365  390  417  440  459  473  480
  487  492  494  497  497  493  486  481  473  468  469  467  459  452  450  445
  439  427  408  393  378  365  348  332  317  306  299  293  281  264  245  223
  203  187  180  168  161  152  139  126  113
     7.5-180.0 180.0   5.0 450.0                            LAT/LON1/LON2/DLON/H
  111   99   90   83   76   70   67   67   70   72   75   78   89  108  135  165
  195  222  246  270  290  306  321  338  357  379  403  425  444  457  467  476
  487  492  494  498  502  504  503  496  489  486  484  478  469  463  461  458
  449  437  419  402  384  365  345  326  314  306  301  296  285  268  248  226
  206  191  182  169  162  153  140  124  111
     5.0-180.0 180.0   5.0 450.0                            LAT/LON1/LON2/DLON/H
  108   97   89   81   74   70   67   67   69   73   76   82   94  115  143  175
  205  233  261  285  304  320  333  349  367  387  408  428  443  452  463  476
  489  496  499  505  515  525  532  527  518  510  505  497  487  482  478  471
  459  446  427  410  389  366  341  323  313  307  303  297  287  270  248  226
  206  189  179  167  157  150  137  124  108
     2.5-180.0 180.0   5.0 450.0                            LAT/LON1/LON2/DLON/H
  108   96   86   80   74   70   68   67   68   72   77   85   99  120  148  183
  215  246  272  297  316  331  342  357  373  390  409  426  439  450  464  480
  495  502  507  518  534  550  562  561  549  538  532  521  513  504  496  485
  472  453  436  416  393  364  339  323  314  306  302  297  286  268  247  224
  207  190  179  164  153  144  137  124  108
