data/iono/igsg0500.22i
     1.0            IONOSPHERE MAPS     MIX                 IONEX VERSION / TYPE
cmpcmb v1.2          GRL/UWM            27-feb-22 20:18     PGM / RUN BY / DATE 
ionex file containing IGS COMBINED Ionosphere maps          COMMENT             
global ionosphere maps for day 050, 2022                    DESCRIPTION         
IONEX file containing the COMBINED IGS TEC MAPS and DCBs    DESCRIPTION         
      IONEX files of the following IAACs were combined: cod DESCRIPTION         
                                                        esa DESCRIPTION         
                                                        jpl DESCRIPTION         
                                                        upc DESCRIPTION         
Contact address: Andrzej Krankowski                         DESCRIPTION
                 Geodynamics Research Laboratory            DESCRIPTION
                 University of Warmia and Mazury (GRL/UWM)  DESCRIPTION
                 Oczapowski St. 1                           DESCRIPTION
                 10-957-Olsztyn, POLAND                     DESCRIPTION
                 e-mail:  kand@uwm.edu.pl                   DESCRIPTION
                                                            DESCRIPTION         
  2022     2    19     0     0     0                        EPOCH OF FIRST MAP  
  2022     2    20     0     0     0                        EPOCH OF LAST MAP   
  7200                                                      INTERVAL            
    13                                                      # OF MAPS IN FILE   
  COSZ                                                      MAPPING FUNCTION    
     0.0                                                    ELEVATION CUTOFF    
combined TEC calculated as weighted mean of input TEC valuesOBSERVABLES USED    
   347                                                      # OF STATIONS       
    32                                                      # OF SATELLITES     
  6371.0                                                    BASE RADIUS         
     2                                                      MAP DIMENSION       
   450.0 450.0   0.0                                        HGT1 / HGT2 / DHGT  
    87.5 -87.5  -2.5                                        LAT1 / LAT2 / DLAT  
  -180.0 180.0   5.0                                        LON1 / LON2 / DLON  
    -1                                                      EXPONENT            
TEC values in 0.1 tec units;  9999, if no value available   COMMENT             
DCB values in nanoseconds, reference is Sum_of_SatDCBs = 0  COMMENT             
                                                            END OF HEADER       
[from data line 2145]
     6                                                      START OF TEC MAP    
  2022     2    19    10     0     0                        EPOCH OF CURRENT MAP
    87.5-180.0 180.0   5.0 450.0                            LAT/LON1/LON2/DLON/H
   70   71   71   71   71   72   72   72   72   71   72   72   71   71   71   70
   70   71   70   70   69   69   69   69   68   68   68   68   67   67   68   67
   67   67   67   67   67   67   67   67   67   67   66   67   66   66   65   65
   65   65   65   65   65   65   65   65   65   65   65   65   65   66   66   66
   67   67   68   68   69   69   69   70   70
    85.0-180.0 180.0   5.0 450.0                            LAT/LON1/LON2/DLON/H
   68   70   70   71   71   71   72   71   71   70   70   69   68   67   66   66
   65   64   63   63   62   62   61   61   60   60   61   61   62   63   64   65
   65   67   67   68   69   69   69   69   68   68   67   66   65   65   64   63
   62   61   60   59   59   58   58   58   58   57   57   58   58   59   59   59
   60   61   62   63   65   66   67   68   68
    82.5-180.0 180.0   5.0 450.0                            LAT/LON1/LON2/DLON/H
   66   68   69   70   72   72   72   72   71   70   68   66   64   62   59   57
   55   53   52   51   51   50   49   49   50   51   52   53   55   58   59   62
   63   66   67   69   71   72   72   73   73   72   70   69   67   65   63   62
   60   58   57   55   54   53   53   53   52   52   52   51   51   51   51   52
   53   54   56   57   59   61   63   64   66
    80.0-180.0 180.0   5.0 450.0                            LAT/LON1/LON2/DLON/H
   63   66   68   70   71   72   72   71   70   67   64   61   57   53   49   46
   43   41   39   37   37   37   38   38   40   41   43   46   49   52   55   59
   62   66   69   71   74   76   77   77   77   76   75   74   72   70   67   65
   62   61   59   57   56   55   54   54   53   52   51   50   49   48   47   47
   48   49   50   52   53   56   58   61   63
    77.5-180.0 180.0   5.0 450.0                            LAT/LON1/LON2/DLON/H
   59   62   65   67   69   70   71   69   67   64   60   56   51   46   41   36
   33   30   28   27   27   29   30   31   33   36   39   42   45   50   56   60
   65   69   74   79   82   85   86   87   87   86   85   83   80   78   75   73
   72   71   70   68   67   66   65   64   63   61   58   56   53   51   48   47
   46   46   46   47   49   51   54   57   59
    75.0-180.0 180.0   5.0 450.0                            LAT/LON1/LON2/DLON/H
   56   59   62   65   67   68   68   67   65   61   57   52   46   40   35   31
   27   24   22   23   24   25   27   30   33   36   40   44   48   52   57   63
   69   74   79   86   90   94   97   98   98   98   96   95   93   92   88   87
   86   87   87   86   86   85   84   82   80   77   73   68   63   59   55   51
   49   47   46   46   47   49   51   53   56
    72.5-180.0 180.0   5.0 450.0                            LAT/LON1/LON2/DLON/H
   54   56   59   61   63   64   65   64   63   59   54   49   43   38   33   28
   24   22   22   22   25   27   30   34   38   41   45   49   52   58   63   67
   73   79   85   91   97  102  106  109  110  110  110  109  108  108  106  105
  106  107  106  107  107  107  105  104  100   96   91   84   77   71   64   59
   55   52   50   49   49   49   50   52   54
    70.0-180.0 180.0   5.0 450.0                            LAT/LON1/LON2/DLON/H
   54   55   57   59   61   62   63   63   60   57   53   48   43   38   33   29
   27   26   26   27   31   34   36   41   45   48   52   56   59   63   68   74
   79   84   90   97  102  108  114  117  120  122  123  123  124  124  124  123
  124  125  126  126  126  127  124  122  118  113  107   99   91   83   74   67
   62   58   55   54   53   52   52   52   54
    67.5-180.0 180.0   5.0 450.0                            LAT/LON1/LON2/DLON/H
   55   56   57   58   59   61   62   60   58   57   54   50   46   40   36   34
   33   32   33   35   39   42   45   50   52   56   58   60   63   66   71   76
   82   88   95  101  107  114  120  126  129  133  135  137  138  139  139  140
  141  141  141  141  141  140  138  135  131  125  118  110  101   92   82   75
   69   65   61   59   58   56   55   55   55
    65.0-180.0 180.0   5.0 450.0                            LAT/LON1/LON2/DLON/H
   57   57   57   58   59   60   61   60   59   58   56   53   48   44   41   40
   39   40   42   44   47   49   51   55   57   58   60   61   63   67   71   77
   84   90   97  104  111  119  126  132  138  142  145  148  150  151  152  152
  152  152  152  151  148  147  144  141  136  130  123  114  105   95   86   79
   73   69   66   63   62   60   59   57   57
    62.5-180.0 180.0   5.0 450.0                            LAT/LON1/LON2/DLON/H
   58   57   57   58   58   60   61   61   61   59   57   54   51   49   46   45
   46   46   48   49   52   53   55   56   57   57   58   59   61   64   69   76
   84   92   99  107  116  124  131  139  145  151  155  158  160  162  162  162
  162  160  158  155  151  148  144  140  136  130  123  113  105   94   86   78
   73   69   67   65   64   63   62   60   58
    60.0-180.0 180.0   5.0 450.0                            LAT/LON1/LON2/DLON/H
   60   59   59   59   60   61   62   62   61   60   58   56   53   51   50   49
   49   50   50   51   52   52   53   54   53   53   52   53   57   62   68   76
   85   94  102  111  120  129  138  147  154  159  164  168  170  172  173  171
  169  166  162  157  152  148  143  139  134  128  122  112  103   93   84   76
   70   66   64   63   63   63   62   61   60
    57.5-180.0 180.0   5.0 450.0                            LAT/LON1/LON2/DLON/H
   61   61   62   63   64   65   65   64   62   60   58   56   54   52   51   51
   51   50   49   49   48   48   46   46   46   45   46   47   52   60   68   78
   89   99  108  117  127  136  146  155  163  169  173  178  180  182  182  180
  177  172  167  161  155  149  144  140  135  129  123  114  105   93   83   74
   66   62   60   59   60   61   61   61   61
    55.0-180.0 180.0   5.0 450.0                            LAT/LON1/LON2/DLON/H
   62   64   66   69   70   70   70   66   63   60   57   55   52   51   50   50
   50   49   47   45   43   41   39   38   38   38   40   43   50   60   72   84
   95  105  116  126  136  145  155  165  172  178  183  187  189  191  191  188
  184  179  174  168  161  154  149  144  140  135  130  121  111   99   86   76
   66   60   56   55   57   58   59   60   62
    52.5-180.0 180.0   5.0 450.0                            LAT/LON1/LON2/DLON/H
   62   66   71   74   76   75   75   72   68   63   58   54   51   49   48   48
   48   46   44   41   39   36   34   34   34   35   39   44   52   64   77   91
  104  114  125  135  145  156  167  176  185  191  194  197  199  200  199  197
  193  190  185  179  171  164  158  153  149  145  140  132  123  109   95   82
   69   61   57   56   56   56   57   59   62
    50.0-180.0 180.0   5.0 450.0                            LAT/LON1/LON2/DLON/H
   63   68   74   79   80   79   79   76   73   67   62   57   53   50   48   48
   47   46   44   42   40   38   36   35   36   37   42   48   58   71   84   99
  112  124  136  147  157  169  180  189  197  204  207  210  210  209  208  205
  202  200  196  191  184  177  171  166  162  158  153  145  134  121  105   90
   77   68   63   60   58   58   58   60   63
    47.5-180.0 180.0   5.0 450.0                            LAT/LON1/LON2/DLON/H
   66   71   77   81   82   82   81   79   77   73   68   63   59   55   53   52
   52   51   49   48   47   45   43   42   42   43   48   56   67   81   93  107
  121  134  147  158  169  181  192  203  211  217  220  221  221  218  216  213
  210  208  206  202  196  191  184  180  175  171  165  156  144  132  117  102
   90   80   73   69   66   63   63   63   66
    45.0-180.0 180.0   5.0 450.0                            LAT/LON1/LON2/DLON/H
   71   74   79   82   83   83   83   82   82   79   75   70   66   62   60   59
   59   59   58   59   58   57   54   52   51   53   58   67   78   91  103  116
  129  143  156  169  180  192  204  215  224  230  234  234  232  228  224  220
  217  214  212  209  205  200  195  189  185  179  173  162  151  141  127  114
  102   93   87   80   76   72   70   69   71
    42.5-180.0 180.0   5.0 450.0                            LAT/LON1/LON2/DLON/H
   77   78   81   83   83   83   83   84   86   86   83   79   74   70   68   68
   68   69   70   71   72   71   68   64   62   64   69   77   89  101  112  124
  136  150  163  176  189  200  212  224  234  242  247  247  245  240  234  228
  223  219  215  213  209  205  200  193  188  182  173  163  152  143  132  121
  112  105  100   94   88   83   80   77   77
    40.0-180.0 180.0   5.0 450.0                            LAT/LON1/LON2/DLON/H
   84   82   82   82   82   81   82   86   89   92   91   88   83   79   77   77
   78   78   81   83   85   84   80   74   71   72   79   88  100  111  120  130
  142  155  170  183  195  208  221  233  244  254  260  261  259  253  244  235
  228  223  217  213  209  205  201  193  187  178  168  158  149  141  133  125
  118  113  110  106  100   95   91   86   84
    37.5-180.0 180.0   5.0 450.0                            LAT/LON1/LON2/DLON/H
   89   86   83   81   80   79   80   86   93   98   99   96   91   86   84   85
   85   86   89   92   94   93   88   81   77   78   86   97  109  119  127  136
  146  159  173  188  201  214  228  241  254  265  272  275  274  268  257  246
  236  229  220  215  209  205  201  194  187  175  163  152  145  137  132  126
  122  119  117  113  109  104   98   93   89
    35.0-180.0 180.0   5.0 450.0                            LAT/LON1/LON2/DLON/H
   92   88   84   80   77   75   77   84   93  102  105  103   98   93   90   89
   89   91   95   98   99   97   91   84   79   81   91  104  117  125  133  140
  148  160  176  191  206  220  235  249  263  275  284  290  289  286  276  263
  251  242  231  223  216  212  207  201  193  181  167  154  145  138  132  127
  124  122  121  118  114  108  102   96   92
    32.5-180.0 180.0   5.0 450.0                            LAT/LON1/LON2/DLON/H
   93   88   83   78   74   72   73   80   91  100  106  106  102   97   94   92
   92   92   95   98   99   97   91   83   79   82   93  109  122  131  137  143
  151  163  178  196  213  229  245  259  274  288  298  306  309  305  300  289
  276  266  254  243  237  232  227  219  211  202  186  169  158  148  139  131
  126  124  122  119  114  108  101   97   93
    30.0-180.0 180.0   5.0 450.0                            LAT/LON1/LON2/DLON/H
   93   89   84   78   73   70   71   76   86   96  102  104  102   98   95   93
   92   92   93   95   96   93   87   80   76   81   95  113  127  136  140  145
  154  167  184  203  224  242  258  274  287  302  316  328  331  330  331  324
  311  302  292  281  272  266  261  254  249  240  223  204  188  173  158  145
  135  129  123  119  113  106  100   97   93
    27.5-180.0 180.0   5.0 450.0                            LAT/LON1/LON2/DLON/H
   95   90   85   79   74   71   71   73   80   88   96   99   98   95   93   91
   91   89   89   89   89   87   82   75   73   81   96  114  131  140  144  149
  158  171  191  215  238  259  276  293  307  319  337  353  360  361  368  368
  358  356  345  334  321  313  311  306  303  294  277  257  237  214  190  170
  152  140  131  124  116  109  103   99   95
    25.0-180.0 180.0   5.0 450.0                            LAT/LON1/LON2/DLON/H
   98   93   87   82   77   73   72   72   76   82   88   93   93   91   90   89
   88   85   84   83   82   80   76   72   73   82   98  116  135  145  150  155
  165  181  202  228  254  278  299  315  328  343  362  380  392  398  412  421
  420  416  412  399  382  369  371  366  364  353  337  319  297  268  235  205
  181  160  149  137  127  118  111  105   98
    22.5-180.0 180.0   5.0 450.0                            LAT/LON1/LON2/DLON/H
  106   99   93   87   82   78   76   74   74   77   81   85   87   87   87   85
   84   83   80   78   78   76   73   72   75   86  102  121  138  151  157  163
  175  193  216  247  276  300  324  341  357  370  388  407  425  439  461  470
  475  474  475  464  446  437  426  417  416  407  396  381  361  331  291  251
  215  188  174  159  145  133  123  114  106
    20.0-180.0 180.0   5.0 450.0                            LAT/LON1/LON2/DLON/H
  116  108  101   95   89   85   82   79   75   75   76   79   81   82   83   81
   80   79   77   76   76   75   74   75   81   92  108  127  144  157  165  175
  188  207  234  268  298  323  348  370  388  401  414  435  459  477  498  513
  516  518  521  513  495  483  466  458  453  451  448  436  416  386  348  300
  251  222  205  187  172  155  139  127  116
    17.5-180.0 180.0   5.0 450.0                            LAT/LON1/LON2/DLON/H
  129  120  112  105   98   93   90   86   81   77   75   76   77   78   78   77
   76   76   73   73   75   77   78   81   87   99  115  133  149  163  175  188
  204  225  254  290  319  345  370  394  415  426  440  462  481  505  519  530
  536  540  544  536  517  500  485  475  474  477  479  472  451  418  389  342
  290  260  238  219  204  182  160  143  129
    15.0-180.0 180.0   5.0 450.0                            LAT/LON1/LON2/DLON/H
  147  134  124  116  109  104  100   95   89   83   79   77   76   75   75   73
   73   71   70   72   75   80   83   86   91  102  119  136  154  170  187  203
  220  242  275  308  335  364  390  412  432  446  462  480  500  515  523  529
  536  542  544  532  514  497  483  473  473  482  487  485  467  432  405  366
  322  293  270  254  236  212  189  165  147
    12.5-180.0 180.0   5.0 450.0                            LAT/LON1/LON2/DLON/H
  166  150  139  128  120  115  113  107   99   92   86   82   78   75   74   72
   70   69   69   72   78   83   87   89   94  104  121  140  160  181  202  220
  238  262  289  319  348  375  399  422  442  459  476  492  504  513  516  518
  524  528  527  512  497  484  470  461  460  467  476  478  466  438  405  370
  338  314  296  282  264  241  213  188  166
    10.0-180.0 180.0   5.0 450.0                            LAT/LON1/LON2/DLON/H
  184  166  151  141  132  127  125  120  112  104   97   90   84   79   75   73
   71   70   71   76   82   88   92   94   96  106  124  146  169  192  216  236
  254  276  301  328  354  378  401  424  444  463  480  492  499  505  507  508
  510  512  509  498  486  474  461  450  446  448  456  459  452  429  397  364
  338  319  306  295  280  259  233  207  184
     7.5-180.0 180.0   5.0 450.0                            LAT/LON1/LON2/DLON/H
  195  176  162  150  144  136  135  131  124  116  108  100   92   85   81   77
   75   74   75   82   89   96   99   99  100  110  129  154  179  204  228  248
  267  285  308  331  353  375  398  420  442  461  476  485  493  500  503  504
  504  505  501  494  487  478  464  450  441  439  441  442  435  414  383  352
  330  314  302  293  280  262  241  218  195
     5.0-180.0 180.0   5.0 450.0                            LAT/LON1/LON2/DLON/H
  197  181  167  157  151  145  145  138  134  127  119  110  101   93   87   84
   82   79   81   88   96  104  107  106  107  117  138  163  189  213  236  256
  273  290  309  328  347  368  390  414  437  457  471  483  493  502  506  508
  509  509  505  502  499  491  479  464  452  444  440  436  425  403  372  343
  321  304  290  280  266  251  236  217  197
     2.5-180.0 180.0   5.0 450.0                            LAT/LON1/LON2/DLON/H
  192  179  167  158  153  148  148  141  139  133  126  117  108   99   93   90
   88   86   87   95  105  114  116  114  114  124  146  170  195  219  240  257
  272  286  302  320  340  360  383  407  431  453  469  485  499  512  518  521
  525  525  522  522  521  516  506  490  476  463  452  440  421  395  366  334
  312  291  275  262  249  234  222  209  192
