data/iono/igsg0500.22i
     1.0            IONOSPHERE MAPS     MIX                 IONEX VERSION / TYPE
cmpcmb v1.2          GRL/UWM            27-feb-22 20:18     PGM / RUN BY / DATE 
ionex file containing IGS COMBINED Ionosphere maps          COMMENT             
global ionosphere maps for day 050, 2022                    DESCRIPTION         
IONEX file containing the COMBINED IGS TEC MAPS and DCBs    DESCRIPTION         
      IONEX files of the following IAACs were combined: cod DESCRIPTION         
                                                        esa DESCRIPTION         
                                                        jpl DESCRIPTION         
                                                        upc DESCRIPTION         
Contact address: Andrzej Krankowski                         DESCRIPTION
                 Geodynamics Research Laboratory            DESCRIPTION
                 University of Warmia and Mazury (GRL/UWM)  DESCRIPTION
                 Oczapowski St. 1                           DESCRIPTION
                 10-957-Olsztyn, POLAND                     DESCRIPTION
                 e-mail:  kand@uwm.edu.pl                   DESCRIPTION
                                                            DESCRIPTION         
  2022     2    19     0     0     0                        EPOCH OF FIRST MAP  
  2022     2    20     0     0     0                        EPOCH OF LAST MAP   
  7200                                                      INTERVAL            
    13                                                      # OF MAPS IN FILE   
  COSZ                                                      MAPPING FUNCTION    
     0.0                                                    ELEVATION CUTOFF    
combined TEC calculated as weighted mean of input TEC valuesOBSERVABLES USED    
   347                                                      # OF STATIONS       
    32                                                      # OF SATELLITES     
  6371.0                                                    BASE RADIUS         
     2                                                      MAP DIMENSION       
   450.0 450.0   0.0                                        HGT1 / HGT2 / DHGT  
    87.5 -87.5  -2.5                                        LAT1 / LAT2 / DLAT  
  -180.0 180.0   5.0                                        LON1 / LON2 / DLON  
    -1                                                      EXPONENT            
TEC values in 0.1 tec units;  9999, if no value available   COMMENT             
DCB values in nanoseconds, reference is Sum_of_SatDCBs = 0  COMMENT             
                                                            END OF HEADER       
[from data line 3861]
    10                                                      START OF TEC MAP    
  2022     2    19    18     0     0                        EPOCH OF CURRENT MAP
    87.5-180.0 180.0   5.0 450.0                            LAT/LON1/LON2/DLON/H
   59   59   60   60   61   61   62   62   63   63   64   65   65   65   66   66
   67   68   69   69   70   71   71   71   71   71   71   71   70   71   70   70
   70   70   69   69   69   69   69   69   68   68   67   67   67   66   66   66
   65   64   64   63   62   62   62   61   61   61   60   60   59   59   58   58
   58   58   58   58   58   58   58   58   59
    85.0-180.0 180.0   5.0 450.0                            LAT/LON1/LON2/DLON/H
   53   54   54   55   56   58   59   60   61   62   63   64   65   66   66   67
   68   69   70   70   71   72   73   74   74   74   73   73   72   71   71   70
   70   70   70   70   69   69   69   69   69   69   70   69   69   68   68   67
   67   66   65   64   63   62   60   59   57   56   55   54   53   52   52   51
   51   50   50   50   50   50   51   52   53
    82.5-180.0 180.0   5.0 450.0                            LAT/LON1/LON2/DLON/H
   48   49   51   52   54   56   58   59   61   63   65   66   67   68   69   70
   70   70   70   70   71   71   73   75   73   73   71   70   69   69   68   68
   68   68   68   68   68   68   68   68   68   69   69   70   69   70   70   69
   69   68   67   66   65   63   62   59   57   55   53   52   50   48   47   46
   45   44   44   44   45   45   46   47   48
    80.0-180.0 180.0   5.0 450.0                            LAT/LON1/LON2/DLON/H
   47   48   50   52   54   56   59   61   63   64   66   66   68   69   70   70
   71   72   72   72   71   69   71   71   68   68   68   68   67   67   67   66
   66   65   65   65   65   66   66   67   68   68   68   69   70   70   70   70
   70   69   69   68   67   66   64   62   59   57   54   52   50   48   46   44
   43   43   42   42   42   43   44   45   47
    77.5-180.0 180.0   5.0 450.0                            LAT/LON1/LON2/DLON/H
   48   50   52   54   55   58   60   62   64   65   66   67   69   71   72   72
   72   72   72   71   71   71   72   71   69   68   68   67   66   65   64   64
   63   63   62   62   62   63   63   64   65   66   67   67   68   68   69   69
   69   69   69   69   68   67   66   64   62   59   57   54   52   49   48   46
   45   44   44   44   44   44   45   47   48
    75.0-180.0 180.0   5.0 450.0                            LAT/LON1/LON2/DLON/H
   53   54   55   57   59   60   62   64   65   66   68   69   70   72   73   73
   73   72   72   72   71   71   75   72   72   71   70   68   67   65   64   63
   61   61   60   59   58   59   60   61   61   62   62   63   64   64   65   65
   66   67   67   68   67   66   66   65   63   61   58   56   54   53   51   50
   49   48   48   48   49   50   50   52   53
    72.5-180.0 180.0   5.0 450.0                            LAT/LON1/LON2/DLON/H
   59   60   60   61   62   63   64   67   70   71   71   73   76   77   77   76
   76   75   74   74   74   76   80   76   76   77   76   74   72   69   66   64
   62   60   59   56   54   55   55   56   56   57   57   57   57   58   59   60
   61   61   63   64   64   64   63   62   61   60   59   57   56   55   54   54
   54   54   54   54   55   57   57   58   59
    70.0-180.0 180.0   5.0 450.0                            LAT/LON1/LON2/DLON/H
   65   65   65   65   65   66   69   73   75   76   80   83   84   84   84   83
   82   81   81   81   83   85   86   84   85   84   86   83   79   76   72   68
   65   61   59   56   53   51   51   50   51   51   50   50   50   51   52   54
   54   55   55   58   59   59   58   57   57   57   56   56   56   56   56   56
   57   58   59   60   61   63   64   64   65
    67.5-180.0 180.0   5.0 450.0                            LAT/LON1/LON2/DLON/H
   69   69   69   69   69   70   73   76   80   85   90   94   96   96   95   94
   93   92   94   93   95   96   97   98   98   97   97   95   91   86   81   76
   71   67   63   58   54   51   50   47   46   45   44   43   43   43   45   46
   47   48   48   50   51   51   51   50   50   51   52   53   53   54   55   56
   57   58   60   63   65   67   68   69   69
    65.0-180.0 180.0   5.0 450.0                            LAT/LON1/LON2/DLON/H
   71   71   70   70   71   72   76   81   89   97  103  108  111  112  111  111
  110  108  110  110  111  113  115  116  116  114  113  111  106  102   96   90
   85   78   72   66   60   55   51   47   43   41   40   39   38   38   39   41
   41   42   41   42   42   42   42   41   43   44   45   48   49   50   51   52
   54   55   58   61   64   68   70   71   71
    62.5-180.0 180.0   5.0 450.0                            LAT/LON1/LON2/DLON/H
   70   70   71   72   73   76   81   89   99  109  118  125  130  132  131  132
  130  127  128  128  128  132  135  135  134  133  132  128  125  122  115  109
  103   95   86   78   71   63   56   49   44   41   39   37   37   37   38   38
   38   37   36   35   35   34   35   35   36   38   40   42   44   45   46   46
   47   49   51   55   59   64   67   69   70
    60.0-180.0 180.0   5.0 450.0                            LAT/LON1/LON2/DLON/H
   67   70   71   73   76   80   88   98  110  122  134  143  150  153  155  154
  151  148  146  144  143  146  150  151  151  150  148  146  144  141  136  129
  122  113  103   93   83   73   62   54   48   43   41   40   39   40   40   39
   37   35   33   31   30   30   30   31   33   35   37   39   40   41   41   40
   40   42   44   47   52   58   62   65   67
    57.5-180.0 180.0   5.0 450.0                            LAT/LON1/LON2/DLON/H
   64   68   72   77   81   86   96  108  122  137  150  162  171  177  180  178
  173  168  163  159  157  157  160  162  162  163  162  162  159  156  153  148
  140  131  120  108   96   83   71   62   54   49   47   46   45   45   45   43
   40   36   34   32   30   30   31   32   34   36   38   40   41   40   39   36
   35   35   37   39   44   50   55   60   64
    55.0-180.0 180.0   5.0 450.0                            LAT/LON1/LON2/DLON/H
   61   67   72   80   88   94  105  119  135  151  166  180  190  197  201  200
  196  188  180  173  168  167  169  170  171  173  174  175  174  171  167  163
  157  148  136  122  109   95   82   71   63   58   55   54   53   52   51   48
   45   41   38   37   36   36   37   38   40   42   44   46   46   45   42   38
   36   33   33   35   39   44   49   55   61
    52.5-180.0 180.0   5.0 450.0                            LAT/LON1/LON2/DLON/H
   59   66   74   85   95  103  114  130  147  164  180  194  207  215  221  220
  216  207  196  185  178  175  176  179  179  183  186  186  187  187  181  176
  170  160  148  133  119  105   92   81   72   67   64   62   60   59   57   55
   51   49   46   46   46   48   49   50   52   53   54   56   56   54   51   47
   42   38   36   36   38   42   46   52   59
    50.0-180.0 180.0   5.0 450.0                            LAT/LON1/LON2/DLON/H
   60   67   77   90  102  113  126  141  159  177  193  208  221  230  236  237
  232  222  207  195  186  183  184  187  190  193  196  197  200  200  195  188
  180  168  155  141  127  114  101   90   82   76   72   70   69   67   64   62
   59   57   57   58   60   64   65   65   66   67   67   68   68   67   64   60
   54   49   45   43   42   44   47   52   60
    47.5-180.0 180.0   5.0 450.0                            LAT/LON1/LON2/DLON/H
   62   70   82   95  109  122  136  151  170  187  203  218  233  243  249  252
  248  236  220  205  196  194  195  199  202  205  207  209  211  210  205  195
  183  170  156  143  131  120  109  100   91   85   81   78   76   75   72   70
   67   67   69   71   74   78   80   81   81   81   81   81   82   81   79   75
   69   62   57   53   50   51   52   56   62
    45.0-180.0 180.0   5.0 450.0                            LAT/LON1/LON2/DLON/H
   66   74   85  101  116  131  145  161  179  196  213  229  243  255  262  266
  262  251  235  218  209  207  210  213  217  219  220  219  218  215  207  196
  181  167  154  142  132  123  115  107   99   93   88   84   82   81   80   79
   77   78   80   84   88   93   94   95   95   94   93   92   93   95   94   91
   85   77   71   65   62   61   61   63   66
    42.5-180.0 180.0   5.0 450.0                            LAT/LON1/LON2/DLON/H
   72   78   90  105  121  137  153  168  186  205  222  238  254  267  276  281
  278  268  252  236  227  225  227  230  232  233  231  227  222  216  205  192
  176  163  150  141  134  127  121  113  107  100   94   89   88   87   87   87
   86   88   91   96  100  103  104  105  105  103  101  101  102  105  106  104
   98   91   84   79   75   72   71   70   72
    40.0-180.0 180.0   5.0 450.0                            LAT/LON1/LON2/DLON/H
   76   81   94  110  126  143  160  176  193  212  231  249  264  278  290  297
  296  287  272  258  249  245  246  246  246  244  238  230  222  212  201  187
  173  159  150  142  137  132  126  120  114  107  101   96   95   95   94   93
   93   96   99  103  107  109  109  109  108  106  105  104  107  111  113  112
  107  101   95   90   86   82   80   76   76
    37.5-180.0 180.0   5.0 450.0                            LAT/LON1/LON2/DLON/H
   77   82   95  112  130  148  165  182  201  219  240  258  275  291  303  313
  314  308  294  282  271  266  263  260  257  252  241  231  221  210  198  185
  174  164  157  151  145  140  134  129  124  117  109  103  102  101  100   98
   99  101  104  107  110  110  110  108  106  104  103  104  107  111  115  115
  112  106  101   97   94   90   85   80   77
    35.0-180.0 180.0   5.0 450.0                            LAT/LON1/LON2/DLON/H
   77   82   96  113  132  150  167  185  205  225  247  268  286  304  318  328
  331  327  317  305  294  285  277  271  264  255  243  233  224  214  203  192
  185  179  174  168  162  154  146  140  136  128  118  112  110  108  105  103
  102  103  105  107  108  107  106  104  103  101  100  101  104  108  112  111
  110  105  102   99   97   92   86   80   77
    32.5-180.0 180.0   5.0 450.0                            LAT/LON1/LON2/DLON/H
   76   82   96  114  133  153  170  188  208  230  255  278  300  318  332  344
  348  345  336  324  312  299  287  277  267  256  244  237  233  226  220  214
  211  209  206  199  187  174  164  157  152  144  130  124  121  115  111  107
  104  103  103  104  103  102  101  101  101   99   99   98  100  103  106  106
  104  102  100   97   95   90   84   78   76
    30.0-180.0 180.0   5.0 450.0                            LAT/LON1/LON2/DLON/H
   75   82   96  115  136  154  172  191  212  235  262  286  310  331  345  358
  363  360  349  336  321  305  291  277  267  257  250  250  252  250  249  248
  254  255  252  243  225  205  188  179  171  163  148  138  134  124  116  112
  105  102  100   99   99   98   97  101  100   99   99   98   97   98  100  101
  100   98   96   94   91   87   82   76   75
    27.5-180.0 180.0   5.0 450.0                            LAT/LON1/LON2/DLON/H
   77   85   99  117  136  155  174  195  216  240  266  292  320  344  358  370
  375  371  359  342  325  307  290  276  268  264  265  274  286  290  295  299
  313  322  316  304  283  239  218  202  190  179  164  154  148  136  124  117
  108  102  100   98   97   97   97  101   99   99  100   98   96   95   97   98
   97   96   93   92   89   85   81   76   77
    25.0-180.0 180.0   5.0 450.0                            LAT/LON1/LON2/DLON/H
   81   90  106  122  139  158  178  200  223  246  272  299  329  356  370  380
  384  379  365  346  328  307  290  278  275  280  292  313  336  344  354  363
  389  406  392  368  333  277  248  229  204  191  177  168  160  149  136  125
  114  106  103  101   98   99   99   99   99  101  101   99   95   94   94   95
   96   95   93   91   89   86   82   78   81
    22.5-180.0 180.0   5.0 450.0                            LAT/LON1/LON2/DLON/H
   86   98  113  131  148  165  187  210  232  256  282  308  340  368  383  389
  391  384  370  352  332  310  295  289  293  309  331  365  393  414  421  434
  468  486  461  423  375  314  283  253  218  204  190  180  173  168  156  140
  126  116  110  106  104  105  105  103  102  104  104  101   96   92   91   93
   95   96   95   92   91   88   84   82   86
    20.0-180.0 180.0   5.0 450.0                            LAT/LON1/LON2/DLON/H
   91  103  121  139  157  176  199  223  247  271  295  320  353  382  398  401
  400  393  379  361  341  321  309  311  326  350  382  425  457  477  488  497
  525  534  506  457  403  339  304  270  237  222  208  202  192  191  183  163
  145  133  124  119  117  118  117  112  111  110  107  102   96   92   92   93
   95   97   97   94   93   89   86   86   91
    17.5-180.0 180.0   5.0 450.0                            LAT/LON1/LON2/DLON/H
   94  107  126  147  167  187  211  238  265  290  312  337  367  397  414  418
  415  407  393  373  354  339  333  343  366  398  434  478  509  526  528  528
  539  544  519  466  412  351  314  288  262  243  233  229  219  219  209  189
  171  156  146  140  136  135  132  126  122  119  112  105  100   96   96   98
   99   99   99   98   95   91   87   88   94
    15.0-180.0 180.0   5.0 450.0                            LAT/LON1/LON2/DLON/H
   97  110  130  154  177  198  224  253  282  308  332  357  386  414  431  439
  435  427  409  390  372  362  363  381  409  442  477  512  535  543  537  528
  531  529  504  457  406  356  327  310  285  265  257  251  247  243  235  221
  204  189  175  166  160  154  148  141  134  128  119  111  105  102  102  104
  104  104  103  101   97   92   89   90   97
    12.5-180.0 180.0   5.0 450.0                            LAT/LON1/LON2/DLON/H
   97  112  133  160  184  209  236  267  299  327  352  379  409  438  452  462
  458  450  432  413  396  390  396  417  446  477  504  526  538  536  525  515
  510  500  477  439  395  365  345  326  305  286  275  268  267  266  262  254
  240  226  211  194  183  171  163  154  144  134  124  116  111  109  109  110
  109  110  108  104   98   93   90   91   97
    10.0-180.0 180.0   5.0 450.0                            LAT/LON1/LON2/DLON/H
   97  112  135  163  191  217  247  281  315  345  372  400  429  460  477  484
  480  473  458  441  426  421  429  445  471  498  515  523  525  518  507  498
  491  480  461  433  402  384  367  344  323  308  296  288  288  289  289  285
  276  259  241  220  205  188  178  163  150  139  130  123  119  118  117  118
  117  116  111  105   99   94   91   91   97
     7.5-180.0 180.0   5.0 450.0                            LAT/LON1/LON2/DLON/H
   96  111  137  167  197  227  257  291  328  361  389  417  446  477  496  501
  498  491  480  467  455  451  457  469  485  502  511  510  506  501  493  485
  479  470  456  438  422  410  392  369  348  330  316  307  309  313  316  312
  303  284  264  241  220  200  188  169  156  146  137  130  127  126  126  125
  123  120  114  106  100   95   92   92   96
     5.0-180.0 180.0   5.0 450.0                            LAT/LON1/LON2/DLON/H
   96  111  138  170  203  233  265  300  336  370  400  428  457  485  505  511
  511  506  498  490  480  477  481  486  493  498  499  495  492  489  488  484
  482  474  463  453  451  444  426  401  373  349  330  322  327  334  336  331
  319  298  274  250  227  203  191  173  162  152  143  138  135  135  135  134
  129  124  117  108  102   97   94   93   96
     2.5-180.0 180.0   5.0 450.0                            LAT/LON1/LON2/DLON/H
   99  116  142  174  208  240  270  304  340  374  402  429  456  483  503  512
  515  517  515  511  502  498  498  497  495  492  488  485  486  490  496  500
  500  491  486  483  484  481  465  432  398  367  346  338  342  349  349  340
  321  297  273  247  222  200  188  174  164  155  148  144  143  144  145  144
  139  131  121  111  104  100   96   94   99
